429.98
51
:::::::::: ESCOLHA UMA DAS OPÇÕES: ::::::::::

[0] Sair
[1] Gere solucao inicial
[2] Descida com Best Improvement
[3] Descida randomica
[4] Descida com Primeiro de Melhora (First Improvement)
[5] Multi-Start
[6] Simulated Annealing
[7] Busca Tabu
[8] ILS
[9] GRASP
[10] VND
[11] VNS
[12] Algoritmos Geneticos
[13] LAHC
[14] Algoritmos Memeticos
[15] Colonia de Formigas

Escolha: :::::::::: GERACAO DA SOLUCAO INICIAL ::::::::::

[0] Voltar
[1] Gulosa (Vizinho mais proximo)
[2] Parcialmente gulosa (Vizinho mais proximo)
[3] Gulosa (Insercao Mais Barata)
[4] Parcialmente gulosa (Insercao Mais Barata)
[5] Aleatoria

Escolha: [1 2 3 4 5 6 7 8 9 10 11 13 14 15 16 17 18 19 20 21 22 23 24 25 26 27 28 29 30 31 32 33 34 35 36 37 38 39 40 41 42 43 44 45 47 48 49 50]
[1 2 3 4 5 6 7 8 9 10 11 13 14 15 16 17 18 19 20 21 22 23 24 25 26 27 28 29 30 31 32 33 34 35 36 37 38 39 40 41 42 43 44 45 48 49 50]
[1 2 3 4 5 6 7 8 9 10 11 13 14 15 16 18 19 20 21 22 23 24 25 26 27 28 29 30 31 32 33 34 35 36 37 38 39 40 41 42 43 44 45 48 49 50]
[1 2 3 4 5 6 7 8 9 10 11 13 14 15 16 18 19 20 21 22 23 24 25 26 27 28 29 30 31 32 33 34 35 36 38 39 40 41 42 43 44 45 48 49 50]
[1 2 3 5 6 7 8 9 10 11 13 14 15 16 18 19 20 21 22 23 24 25 26 27 28 29 30 31 32 33 34 35 36 38 39 40 41 42 43 44 45 48 49 50]
[1 2 3 5 6 7 8 9 10 11 13 14 15 16 19 20 21 22 23 24 25 26 27 28 29 30 31 32 33 34 35 36 38 39 40 41 42 43 44 45 48 49 50]
[1 2 3 6 7 8 9 10 11 13 14 15 16 19 20 21 22 23 24 25 26 27 28 29 30 31 32 33 34 35 36 38 39 40 41 42 43 44 45 48 49 50]
[1 2 3 6 7 8 9 10 11 13 14 16 19 20 21 22 23 24 25 26 27 28 29 30 31 32 33 34 35 36 38 39 40 41 42 43 44 45 48 49 50]
[1 2 3 6 7 8 9 10 11 13 14 16 19 20 21 22 23 24 25 26 27 28 29 30 31 32 33 34 35 36 38 39 40 41 42 43 45 48 49 50]
[1 2 3 6 7 8 9 10 11 13 14 16 19 20 21 22 23 24 25 26 27 28 29 30 31 32 33 34 35 36 38 39 40 41 42 43 45 48 50]
[1 2 3 6 7 8 9 10 11 13 14 16 19 20 21 22 23 24 25 26 27 28 29 30 31 32 33 34 35 36 39 40 41 42 43 45 48 50]
[1 2 3 6 7 8 10 11 13 14 16 19 20 21 22 23 24 25 26 27 28 29 30 31 32 33 34 35 36 39 40 41 42 43 45 48 50]
[1 2 3 6 7 8 11 13 14 16 19 20 21 22 23 24 25 26 27 28 29 30 31 32 33 34 35 36 39 40 41 42 43 45 48 50]
[1 2 3 6 7 8 11 13 14 16 19 20 21 22 23 24 25 26 27 28 29 30 31 32 33 34 35 36 39 40 41 42 43 48 50]
[1 2 3 6 7 8 11 13 14 16 19 20 21 22 23 24 25 26 27 28 29 30 31 32 34 35 36 39 40 41 42 43 48 50]
[1 2 3 6 7 8 11 13 14 16 19 20 21 22 23 24 25 26 27 28 29 31 32 34 35 36 39 40 41 42 43 48 50]
[1 2 3 6 7 8 11 13 14 16 19 20 21 22 23 24 25 26 27 28 29 31 32 35 36 39 40 41 42 43 48 50]
[1 2 3 6 7 8 11 13 14 16 19 20 21 22 23 24 25 26 27 28 29 31 32 35 36 39 40 41 42 43 48]
[1 2 3 6 7 8 11 13 14 19 20 21 22 23 24 25 26 27 28 29 31 32 35 36 39 40 41 42 43 48]
[1 2 3 6 7 8 11 13 14 19 20 22 23 24 25 26 27 28 29 31 32 35 36 39 40 41 42 43 48]
[1 2 3 6 7 8 11 13 14 19 20 22 23 24 25 26 27 28 31 32 35 36 39 40 41 42 43 48]
[1 2 3 6 7 8 13 14 19 20 22 23 24 25 26 27 28 31 32 35 36 39 40 41 42 43 48]
[1 2 3 7 8 13 14 19 20 22 23 24 25 26 27 28 31 32 35 36 39 40 41 42 43 48]
[1 2 3 7 8 13 14 19 20 22 23 24 25 26 28 31 32 35 36 39 40 41 42 43 48]
[1 2 3 7 8 13 19 20 22 23 24 25 26 28 31 32 35 36 39 40 41 42 43 48]
[1 2 3 7 8 13 19 20 22 23 24 26 28 31 32 35 36 39 40 41 42 43 48]
[1 2 3 7 8 13 19 20 22 23 24 26 28 31 32 35 36 39 40 41 42 43]
[1 2 3 7 8 13 19 20 22 24 26 28 31 32 35 36 39 40 41 42 43]
[1 2 3 7 8 13 19 20 22 26 28 31 32 35 36 39 40 41 42 43]
[1 2 3 8 13 19 20 22 26 28 31 32 35 36 39 40 41 42 43]
[1 2 3 13 19 20 22 26 28 31 32 35 36 39 40 41 42 43]
[2 3 13 19 20 22 26 28 31 32 35 36 39 40 41 42 43]
[2 3 13 19 20 22 26 28 31 35 36 39 40 41 42 43]
[2 3 13 19 20 22 28 31 35 36 39 40 41 42 43]
[2 3 13 19 20 28 31 35 36 39 40 41 42 43]
[2 3 13 19 20 28 35 36 39 40 41 42 43]
[2 3 13 19 20 35 36 39 40 41 42 43]
[3 13 19 20 35 36 39 40 41 42 43]
[13 19 20 35 36 39 40 41 42 43]
[13 19 35 36 39 40 41 42 43]
[13 19 36 39 40 41 42 43]
[13 19 39 40 41 42 43]
[13 19 39 40 41 43]
[13 39 40 41 43]
[13 39 40 43]
[39 40 43]
[40 43]
[40]
Solucao obtida usando a estrategia Best Improvement do Metodo da Descida:
0 -> 46 -> 12 -> 5 -> 5 -> 11 -> 11 -> 38 -> 9 -> 9 -> 16 -> 16 -> 50 -> 29 -> 29 -> 21 -> 30 -> 10 -> 39 -> 39 -> 33 -> 45 -> 44 -> 42 -> 42 -> 19 -> 19 -> 40 -> 40 -> 41 -> 13 -> 13 -> 14 -> 24 -> 24 -> 43 -> 43 -> 7 -> 7 -> 26 -> 26 -> 31 -> 31 -> 28 -> 28 -> 3 -> 3 -> 36 -> 36 -> 35 -> 20 -> 0
Função objetivo =  340.9926340054311
:::::::::: GERACAO DA SOLUCAO INICIAL ::::::::::

[0] Voltar
[1] Gulosa (Vizinho mais proximo)
[2] Parcialmente gulosa (Vizinho mais proximo)
[3] Gulosa (Insercao Mais Barata)
[4] Parcialmente gulosa (Insercao Mais Barata)
[5] Aleatoria

Escolha: 